Start time: 2019-06-27 11:36:15.265938
Finished generating 100 injections. Duration: 0:00:00.086731
Injection number: 1
0.08930510440644324
0.09855543473224716
0.08343789529890643
0.08562227729668684
0.08844094402296106
0.0887889667584237
0.0928108051534189
0.08109511279754904
0.08499806602259616
0.08637776153776909
0.08061746492487781
0.08353173840689883
0.09513532803930384
0.08573909682592877
0.08315426426115248
0.0854393358135861
0.08369016456822946
0.08719883767955924
0.08451257161737771
0.08644076531135869
0.08532137646646763
0.0851291561878319
0.08494332806447516
0.08472720502155939
0.08304138066243753
0.08565941576708436
0.09156710111687764
0.08840668281161367
0.0830764471591534
0.08486256416276788
0.09066378023001948
0.08655202865534703
0.08871629028131865
0.09085467617143253
0.08872633099711799
0.08677505151018135
0.09194958073888544
0.0959473934830706
0.09428733553943076
0.09324117596209047
0.09000608776168344
0.09168118949839157
0.0852793647832889
0.09626725665940894
0.09164833535494081
0.08700316158799667
0.08210783428451912
0.08745579466166103
0.0878431528413122
0.08710158103733638
0.08730817528010827
0.09324282245766564
0.08725128397643944
0.0859094063462162
0.09014970541862036
0.08428453298030424
0.0955132189343734
0.08823150468015555
0.08797798166094825
0.0867043951320591
0.09670838302491293
0.08499903482646277
0.08885170475728306
0.08891977287425616
0.09291999772062588
0.09064049360946314
0.0918128789937409
0.0927678754023397
0.08475046820540724
0.0839550394870955
0.0883038125962069
0.08301877963197164
0.09716573867617265
0.09464916422742009
0.08472911054165633
0.09162839721902369
0.08614828243450207
0.08641203542405712
0.08457641960856155
0.08466903844165596
0.08073373711089708
0.08292349901355535
0.08833283487199774
0.0894272388620412
0.08813383954090705
0.08921621628249474
0.08630110171359963
0.0964966591371074
0.09090112120783153
0.08338054482384438
0.09038992275329273
0.08467652380256158
0.08838478878050582
0.08716918510744594
0.08062090430036614
0.10001182172966215
0.08110763717278524
0.085446011419702
0.08683813214484568
0.09391253187142706
0.08937382386879723
0.08804132253547022
0.09547827132993782
0.09410099758814383
0.08867767826916982
0.08217068996183595
0.08713076780731265
0.09270209707778969
0.08405634830645536
0.08572949337173202
0.09278536462361209
0.08670623841821279
0.08038405297986492
0.08616270769040821
0.0841924753390576
0.0921162794518147
0.08156015226076183
0.08319999853305787
0.08483235897780708
0.08790166108363338
0.08326919506981717
0.09354789878051775
0.08971182659605959
0.09577938781842399
0.0912980819711615
0.08965346419246976
0.09227941615824217
0.08932731805841652
0.09117832682815473
0.08182772370099069
0.08654897286454456
0.08557628840445779
0.08879253874654239
0.08982894492377183
0.09213909403656687
0.08890139202138307
0.08278411097487424
0.08528823320012827
0.09650540006036396
0.0907301617697126
0.0948656023420815
0.08985366844401607
0.08481241938709488
0.0876548563749939
0.08296414322918946
0.08778064883623193
0.09103383327086842
0.08638170623299564
0.08559486389580431
0.08484110067103333
0.09238576655597182
0.08494145990358198
0.09161234222576999
0.08555799394993975
0.08356119582909444
0.08974562923088723
0.09674595113269695
0.08410753490519059
0.08576632968684511
0.07861151430382135
0.08689219772556334
0.08424146581903395
0.0862126910745598
0.08858494863671292
0.08876143854821489
0.08542300353738484
0.09340976793513968
0.08610201358641682
0.08955298808536626
0.09540950856896303
0.08613495248702178
0.08668184439896148
0.085024732685594
0.08171130734054563
0.0891618620225159
0.0886499202771656
0.08803019699447127
0.08930577438169011
0.09093428465508076
0.09145484292924116
0.09031858728583059
0.09116676412507638
0.08318486551818452
0.0881001227976485
0.08894061391328296
0.0878390945099271
0.0914216894357908
0.0972955207805689
0.08378797501149789
0.08974983805558505
0.07982918893202536
0.08618363359314551
0.08461034580437678
0.08553942237564734
0.08340651832597376
0.09139228817827914
0.08903639070234884
0.08558026052724593
0.08066383713572457
0.08401109239210872
0.08243424137514445
0.08835233592934523
0.08911328004119831
0.09245054197613639
0.08318564689421791
0.09044705678894356
0.08598212884107963
0.08663964831226915
0.08763600058799458
0.08279282567737019
0.08456448472737946
0.0932352254426326
0.08787903709836324
0.08451339354671326
0.08735091451067056
0.09268929136129682
0.093737919524875
0.085318884746229
0.08464694239193801
0.08690400947686289
0.08878242564058099
0.08967758890817831
0.09158707160641269
0.08824732748749309
0.08722948595650491
0.08286499437820956
0.08672577858968898
0.08549936231670222
0.08541828222804385
0.08932278642869598
0.09934656025557591
0.0899533954219188
0.0907136055414207
0.08109833740698767
0.0888248328097292
0.0866427609439817
0.08719358421333259
0.08803541736542131
0.08501602939581983
0.08555369650008787
0.08528087436848865
0.089111371250246
0.09757189971572616
0.09546172620366844
0.08848044478881792
0.08729224715331535
0.08402953824026733
0.08909225436725941
0.08696219896712908
0.08326981674114681
0.0893333746340365
0.09105572769227997
0.08250073007791323
0.09235240490484353
0.09340976288889316
0.08726064693681375
0.08239493243082621
0.09132665607877818
0.08870621814208593
0.09243540585035469
0.09014514201128603
0.08868923783469926
0.08877390130147879
0.09453942183014921
0.09161329462282215
0.08431790642531664
0.09045096989466782
0.09090252302271576
0.0869813962138827
0.09320358070478257
0.08632367683620024
0.08835908075966041
0.08226262788614115
0.08567553990898318
0.08136337908875838
0.08469668917912823
0.08168509814828556
0.09531731209867549
0.09437152717173998
0.08887585843896945
0.09297192837520538
0.08085466291458772
0.08325542832187023
0.08802933553130521
0.08606419262917321
0.08623549441574656
0.08538711444299593
0.08857405051413149
0.09053166378322068
0.09410786410069732
0.0838371874933682
0.09177261951668948
0.08589455348443391
0.08813301074931389
0.0916087524079435
0.08776987268047443
0.08941914423047909
0.08256793967326405
0.08212830928520995
0.08431350054802163
0.09432226186853854
0.0849431470278654
0.08696286503591961
0.0846149967898876
0.08615686438453621
0.08950340000238126
0.08716437568828778
0.08776733656707911
0.08476722912287424
0.08520474124683637
0.0960413442571163
0.08854273323230366
0.0859202900421858
0.08920322794801468
0.08784095047093271
0.09015157002686879
0.08911865050986072
0.09439661791546382
0.08168493238313039
0.08201949390150327
0.08980148125539128
0.08429136321134247
0.08218540827638143
0.08305720382163817
0.09226404991184531
0.08472078526372707
0.08122861063031965
0.0861922202039568
0.09644017915505142
0.08467100193997666
0.08871149792622927
0.08336374784626345
0.08875578725805859
0.08591014947105444
0.09188985684014098
0.08560260894034992
0.0845127022102261
0.0863879986224228
0.08793098168679916
0.08722587433318603
0.09375205414114259
0.08794629361832544
0.08161048394845807
0.09321903291202675
0.09067825723769365
0.08472922048348437
0.08872119393655321
0.08405702102242298
0.0867704489064953
0.0837374180286857
0.08015483934075208
0.08104326822023993
0.08659584388358986
0.08580899593661634
0.09041270008960434
0.08221244396727279
0.08625036529427675
0.08573238433669166
0.08548800454685176
0.09006742658085538
0.08501582527452087
0.08219235219815765
0.08560104856237848
0.08681095156053122
0.08393349417219004
0.09061565412985045
0.08893986672902023
0.08510298436720078
0.08746112626233551
0.0859567937443657
0.08750475611026937
0.09106088732031545
0.08631362232046118
0.08538635855911807
0.09049842064513221
0.08823185761891018
0.08279690285716051
0.08633304489719994
0.09063874289280394
0.08530957891995504
0.08228713994520195
0.0808378147269406
0.09970569005732721
0.0860042395389092
0.08604009760813672
0.08362982616888706
0.08635503822211138
0.08355215728765507
0.08613418791771553
0.08533370996210458
0.0874171383794717
0.08660384884205877
0.08726449676483215
0.08602632414788296
0.08279832060813717
0.08226295938591387
0.08922176035686956
0.08573763212593173
0.08907052414584575
0.08674665722179599
0.08597475829281588
0.08489538741141106
0.0915490737740703
0.0870044011213294
0.09035033010344404
0.08529008470450854
0.08414820806145229
0.09079915421777852
0.08483354069759008
0.08334913120417613
0.0954697864340132
0.08717010491794062
0.08469042736266616
0.08846801751873268
0.08541260431536417
0.08168279102816911
0.08185571419280074
0.08615902779003201
0.09536103467047964
0.08284305075957611
0.0833318060213107
0.08909650382350291
0.08089828748424573
0.09463235900880426
0.08637929673735038
0.09001751670217228
0.10023774955827934
0.08322912796440143
0.0831183246333767
0.08444930674504457
0.08575045419952675
0.08958756503635838
0.09188133684550749
0.08874457161018068
0.08686844491271564
0.08754199401094187
0.08420998625045534
0.08072626162688781
0.0838916157609421
0.08534885358968274
0.09158125272118096
0.08784190866023704
0.08099416468313321
0.08159110415173915
0.0851048874104922
0.08480782404784816
0.08304717103676303
0.08667914176039156
0.08969254294170301
0.08849871400376376
0.09261239551356419
0.09554988118762939
0.08320003991649169
0.09328416149212698
0.09282312634119469
0.08473688663118313
0.08103880365710052
0.08461978420634583
0.08450670172276002
0.08413159343840579
0.08431361369947722
0.08978789118524115
0.08861263842103975
0.08957793700082288
0.0944923756065641
0.08680387212276039
0.09066843596229932
0.0939865380270738
0.08939631088103472
0.08637244283715712
0.08600494922481303
0.0888303211298112
0.08341165575522952
0.08476381769894854
0.0855227691019678
0.08505103035619883
0.09119841676570042
0.08726857551273022
0.08954334630028915
0.08475989072123415
0.0818993847245575
0.08282822807601081
0.08786102317809702
0.08531485590281387
0.08745354643636362
0.09252236989633843
0.08285264935983268
0.08656456845584945
0.08681015852687941
0.09454991320026876
0.08710500159719062
0.09199284862172337
0.08917529167064035
0.08866754522732785
0.08562368356029071
0.0943745920850219
0.08516282385825823
0.0846943163334841
0.09481617456399644
0.08725885247543083
0.08727780530525332
0.0845149189114198
0.08968874641946292
0.0789598834833104
0.08752842528345676
0.08422439265354344
0.08844569536341497
0.09471779137711224
0.08507373983274341
0.09148125437083833
0.08583844750691105
0.08620430241489278
0.08163617092787084
0.08544089976238861
0.08575849873785726
0.08901573660810755
0.09527436395038898
0.08237188966558907
0.08638981604682454
0.08919818629129608
0.08823696828639108
0.08803242887631463
0.0859819361275329
0.08469985590559104
0.08162632827761923
0.09204776487886453
0.08141081078984287
0.08873882930308856
0.08419644710759126
0.08409902732991394
0.08805882694119437
0.08324240962543523
0.08327753889732412
0.08231360834233707
0.08723541014153186
0.08584265735668184
0.08200314114074338
0.08238303251339657
0.08473884148936375
0.08828799487614519
0.09126735486606256
0.08608689178551715
0.08922460939546789
0.09390358886353488
0.09447858634947003
0.08247005579438484
0.08368171254423523
0.08444375640753611
0.08658589911448046
0.08482093143143839
0.09210076768967992
0.08888820420320676
0.09607661516340373
0.08420577350734043
0.09178915513757299
0.08531177049512957
0.08466958150758187
0.0866115516613394
0.08969809403048204
0.0824043567623369
0.08488098451646874
0.09098460708069357
0.0854951496408528
0.09237572672626786
0.08931917101540393
0.08737990615539125
0.08382173713198378
0.08537015213005322
0.08542401435269978
0.08975301269250034
0.08909212696140856
0.0880622932754526
0.08344390890465046
0.08538445785362003
0.0859620149483706
0.08461326013449781
0.08471554854261261
0.08401231749960339
0.08827138152676511
0.08721472016238493
0.08626754064485015
0.0952772556862735
0.09093417554204401
0.08883910559835378
0.09195223945865422
0.08533832191864194
0.07928813496899743
0.08394848507919739
0.0838435485971101
0.09140136786720368
0.08752657247403102
0.08542244303711771
0.08764733081549969
0.0863453653232724
0.08640339943364453
0.08317540598225671
0.08499919366501926
0.09559954226806643
0.08283525507530574
0.08437423293429804
0.08581978588403698
0.09646766572810687
0.09086364802580911
0.08426917823535301
0.08595709424341953
0.08219821190149379
0.08193489639324124
0.08841455835802849
0.08354910650273557
0.09570153829864637
0.08886059388806765
0.08640936742191613
0.08568626410840283
0.08504337779597371
0.09032650132887088
0.09206478091333778
0.08113889231926331
0.09243715051879955
0.09222593316605522
0.08315503424491746
0.09104816496299369
0.08674486782152607
0.08294728583452195
0.08493304290375984
0.08634934810747863
0.08230993202539016
0.08863185524460704
0.08734211356353305
0.0849346581690744
0.08410274120480551
0.0906057156612184
0.08556894856733002
0.08703381282836126
0.08734365245927385
0.08579105493146999
0.08205241539970534
0.08654912991842025
0.08914371287602578
0.08938693349164349
0.08419410471100233
0.08860494515303537
0.08471006080515607
0.08692325099471483
0.08506078164193828
0.08963988464673996
0.08288590326311078
0.09030987408749389
0.08993669531648009
0.08450133388198722
0.08350190626004476
0.08638009758767166
0.08969701735575147
0.08502525404672331
0.08430084839250576
0.0862283365759627
0.08651155412781089
0.09092504619548906
0.08409741454778233
0.08840059766463679
0.08843748095438161
0.08200616623465785
0.08737020444551162
0.08505427044236155
0.09388377900805499
0.09293763283891626
0.09007651320360183
0.0911485975557013
0.08291742724599445
0.09006026767216002
0.08889334461815558
0.08849128158629442
0.08626036374316882
0.08933438418700997
0.08838367814181061
0.08209182106611243
0.0856964397785736
0.08916538591795353
0.08024104178397311
0.09009399325235233
0.08468051711563696
0.09140601038610413
0.08594500179465737
0.08530344438838225
0.08298533065024372
0.08384674629876898
0.08508807423385886
0.09980741367012828
0.08582272296080157
0.09202095861428668
0.08387457208530791
0.09231387149563065
0.0875338449632966
0.09286668240761681
0.08521573181887311
0.0869570118654736
0.09237714590818971
0.08334371908443876
0.08351878943348873
0.08229463793357086
0.09360254421097408
0.08634217343600474
0.08977149999587652
0.08647099072211491
0.086578496760727
0.08026891319101154
0.08376037481669743
0.09087315463482018
0.08424895867043572
0.09803726495600645
0.09345600299773786
0.08911761381186191
0.08712537029226794
0.08882173647381335
0.08551368253827703
0.08456683475222812
0.09358882064703994
0.08371083887212541
0.08922435945842552
0.08765823839873682
0.08474084011487401
0.0795404966062639
0.09252251092789758
0.09348920703634307
0.0875308388326925
0.08897749735767126
0.09004030081766111
0.08714007633562552
0.09325839531232769
0.08229927608089453
0.09199726553978325
0.08649895366054683
0.08605776069673869
0.09135077075832942
0.09178639628830927
0.08890992899346262
0.08455085345665961
0.08269902683927226
0.08355348065699834
0.08231154367682876
0.08445962769886406
0.09274799687848669
0.08679318058254784
0.08152197998793391
0.08557320120019564
0.08910048726523925
0.08573918287010829
0.09536101651977813
0.0844554045634532
0.08981228244489428
0.08977459896987326
0.08347331267099523
0.09016346067909993
0.0880440495131408
0.09392149229222592
0.08816542118787368
0.09383989271995742
0.08713110962209183
0.08601069845191935
0.08302072303264445
0.08686984889109126
0.08464751412947995
0.08031831544491001
0.0829984090941471
0.09341856511558241
0.08480628058951344
0.09082082988671812
0.08807180326412024
0.09585989502096401
0.08415646796838827
0.09607300112185982
0.08024590229646969
0.08212369043755674
0.08474211011619545
0.08471990635735753
0.0941059748010544
0.08113486394319554
0.08356586850519647
0.08711404311716214
0.08237831039339069
0.0840395864271246
0.08843697585558369
0.08515238040626705
0.08315296136289684
0.08429567706284054
0.08513475966325187
0.08690183845431917
0.08683878702463278
0.08169718327272844
0.0881595107096119
0.08437997721337649
0.08061291029526665
0.08932451282600302
0.0838497865706792
0.08419638352943555
0.08947772102293726
0.08380241389897478
0.09207243334204412
0.08605037956365215
0.08820854791303455
0.08597870242412796
0.08245842541331848
0.08486781335912384
0.0900961608804742
0.08442826477424582
0.08924661156141839
0.08229861206593604
0.09051152074972496
0.09391998008323518
0.08699188793940305
0.09250913852697251
0.08792798669511294
0.08438313796096647
0.08582156524371522
0.0874255257488541
0.09533746432825271
0.08415435841270294
0.08540820177690302
0.08719606892877156
0.096309498342355
0.08408287453683756
0.08369135971836865
0.08397965515450839
0.08429543990841527
0.08965210357053303
0.08561618250097784
0.08452514113126161
0.08997790061934223
0.08832956398797683
0.08461477867539338
0.08736355326325107
0.08254373942913622
0.09008330805286897
0.08359548308807623
0.08485293822158023
0.09024034841244898
0.08367503101889648
0.08707537020768351
0.08949322727753593
0.08125802279052728
0.08609521240734631
0.0872269029120649
0.09007015284301555
0.09044275682126912
0.08563535599748688
0.08867075346741968
0.08429251336708304
0.08843611981862182
0.08767720193301316
0.0954356018069415
0.09317756581723526
0.08654639955215922
0.08504923532210201
0.08924229835542537
0.0847865589515902
0.09243037011323033
0.0881892299333102
0.08925307630206115
0.08341817457734461
0.08465148388147489
0.08671215302953278
0.08921435089056562
0.08711420012616099
0.09023771590823972
0.08230194312372485
0.08852630844416703
0.09222510371196013
0.08709798728108753
0.08634333727196516
0.09177722149624612
0.08748202314272992
0.08168224551442092
0.08512605133341093
0.08704726116359313
0.08752550288783086
0.09158482055841972
0.08415672248455909
0.09830407842077574
0.09007639394821289
0.09276039142501759
0.08090946911775626
0.08803100546450869
0.08103394050701275
0.08405795915409353
0.09134899764996321
0.08580363884653855
0.09065721361910334
0.08469735127603739
0.09210775857422754
0.08631983109302391
0.08254029626655268
0.08697116802732499
0.08541088149917969
0.0841749346201766
0.08588919493643594
0.09146862716642225
0.08923076108367163
0.0850436990096668
0.08459898339234309
0.08260551708711875
0.08665476131594133
0.08892466039052441
0.08702719198628811
0.08217270789143294
0.08453822850119931
0.0902312911309411
0.08763691410757299
0.08251897935437573
0.0869681136192537
0.0915499872960515
0.08191021817283047
0.08306255323846055
0.09637632703577603
0.08784763847375136
0.09321172213079276
0.0862750395582709
0.09820791052523724
0.08958260329675811
0.08661294128614737
0.08632601227429547
0.08601589876476354
0.08305239852825251
0.08758941876014632
0.08679994913316569
0.08307573852013375
0.09073094733416097
0.08565590377561956
0.08137607281406853
0.0839439959461993
0.08932305287819324
0.09993320478877141
0.09034896405416101
0.08792958622047237
0.08408755724402647
0.08762105387240017
0.08673087189174175
0.08629043582823716
0.08944796505305001
0.08107648024752918
0.08037138866401519
0.09463496216856965
0.08592723968182003
0.08484179384631985
0.08122026348698273
0.08473805542770245
0.08626208321536905
0.08144717318353455
0.08405704407382034
0.09421738154503563
0.08857369262266428
0.09179319940648488
0.08372510080488478
0.0900825688702545
0.08440549061066846
0.08268158815626105
0.09262664998485753
0.0845656071092691
0.08208913058457387
0.08590679025043939
0.08934796179336986
0.08618381997908868
0.08580599673902255
0.08815428409029083
0.08781952798857662
0.08898432663007785
0.08790809614444117
0.08079268271852501
0.09088417498526548
0.08245479792764969
0.08143207086828323
0.08763550049691023
0.08716359870251533
0.08342648753725597
0.08885845005249611
0.09430161056981157
0.08713750649615598
0.09336405192955534
0.0864195941797934
0.0870879779146469
0.08712097872493842
0.08887496107915911
0.08727497442273144
0.0872537148111406
0.09162057024171107
0.09269856242213721
0.08951447781896851
0.09167891504882841
0.09449638930300702
0.09656800954128858
0.09091316455647612
0.088798844249544
0.0905057907992374
0.09304119174349777
0.08431738877004855
0.09339389058187234
0.08803786829208272
0.08447237247738999
0.0860725899499855
0.08725595206736475
0.08773172545241616
0.08575400105707534
0.08285799810404183
0.0883955596397402
0.08545959658904921
0.08489036165872078
0.082133623523536
0.08459709231617613
0.07940074370024035
0.08483300693452576
0.08857083429479025
0.08591377201597918
0.08907713194034743
0.08771257321887865
0.08938557952458322
0.08139398498557408
0.08746266259416895
0.08876842707988587
0.0871677164410967
0.07994225329508918
0.0835860502995808
0.08184791008035334
0.08818336821659538
0.08644590883517657
0.08920748975851621
0.09028591565808028
0.08897559815382637
0.09083557461342677
0.08500559684245498
0.08275850727846237
0.08626259648932001
0.08622597142402073
0.08543889581098717
0.0897604795377933
0.08634657422148288
0.08870915198177715
0.08876800040153597
0.09158381417846177
0.09302158844722172
0.08853018148832384
0.09017618503574956
0.08819771053706287
0.08649803690701639
0.08690016616001577
0.08550580261771182
0.08768403315013294
0.09339561383131903
0.08526809050545099
0.08918940623660317
0.08509490640886508
0.09118721349600423
0.08195915227883975
0.0946233121830192
0.09092646649655446
0.09046999415549406
0.09120698593102629
0.0836269080213
0.08690835410754129
0.09377570512767983
0.08995182757942026
0.09481025281825137
0.08787430926209162
0.08637151451737074
0.08444648933837444
0.08541926154134065
0.08499036168776856
0.0926252553264133
0.08944810393527569
0.08495371347832605
0.08472884109880495
0.09027358417057901
0.08972009299822825
0.08339508876042627
0.0946587450092523
0.08699857490055751
0.08490433190963088
0.08376247924968919
0.09052053729377747
0.08453600435329742
0.0833227529383496
0.08465763067369614
0.09358464186506749
0.08539924993484077
0.08737442453861859
0.08315879599111048
0.09069735138809643
0.08794489760736482
0.0856373778215199
0.08095879264124684
0.09665185244434922
0.09330382732177843
0.08780440579800936
0.08566145793226845
0.08962784593091361
0.08884466169197945
0.09812086305490304
0.08796500242232795
0.08223704053642512
0.08360331971586496
0.087346786732578
0.08779018278143941
0.08491888313853135
0.08499611600348102
0.08943343075657306
0.0881575084565155
0.08263961085934177
0.08473655907860662
0.08401416931141938
0.08915708333090004
0.08936974733291418
0.09523592522017206
0.08680378968771092
0.08413779429480032
0.08769170335939809
0.08428978456133306
0.08269142519658126
0.08667790830519197
0.08661503015612856
0.08315792758337046
0.08788076703056731
0.08176516059630165
0.09011974042071899
0.08376357224975871
0.09107136707138458
0.08817805042727538
0.08815356197489875
0.08767194611263729
0.08777955942519149
0.09389250129102678
0.08420893066183152
0.08949725012337639
0.08621401999517182
0.08581755545152395
0.08537844407651272
0.08766819907906578
0.08654948204437851
0.08996634531569662
0.08325266626999
0.08407327704804429
0.08419802696422221
0.08379945066073587
0.09049062701530051
0.08451542514714781
0.0878029578505429
0.09272669698009484
0.08835844223234395
0.08680210259299705
0.09554255597578892
0.08772747008799656
0.08115390508140155
0.09407390222089457
0.08658250719235751
0.08554556862378843
0.08883473630869226
0.0908321670875562
0.08736375194621326
0.09011218463452811
0.08109028391019428
0.08652789712602664
0.08772846881970243
0.08854847236725864
0.08343516401678287
0.08770122127666805
0.08911674307847663
0.08544143597681703
0.08349826999565346
0.09584564641057329
0.08409904146226502
0.08683369005762814
0.08779497956453555
0.08560850246349469
0.08997234841471352
0.09452364512770295
0.07791539164434098
0.08158067809145779
0.08817184215309559
0.09618227098283329
0.07943683953806147
0.08591765554172287
0.08136864781783837
0.08544189977947518
0.09432935707093448
0.08755366800899846
0.09088907521061301
0.09056184237937831
0.09024280858624821
0.08414541025427824
0.08646986147550798
0.09001010198116957
0.08475035419073801
0.08600234452942618
0.08456927655576542
0.09118940212917949
0.09736439484993256
0.09254552579217885
0.08795002600614543
0.0888078268922938
0.08601994832519795
0.08392579310364165
0.08832972238805936
0.08864219341492767
0.09206759671863464
0.09190737182866222
0.08480322093951606
0.08948312266063799
0.08744726088975072
0.09486962230314533
0.08516060960255492
0.08289905319120272
0.09190494587159458
0.09043007213789467
0.09072308789326175
0.08650251768699417
0.0846440946340572
0.08796214355889258
0.08332112705553682
0.08322154152302152
0.0855538639789482
0.08813501937378633
0.08478886769833523
0.08899338103912513
0.08557838848363276
0.08742225954223504
0.0915686519960068
0.08503072592378372
0.08767929713544673
0.0847708405517055
0.08960602658704897
0.09348627098403839
0.08645447609901838
0.08107024546277315
0.08756447150721743
0.09363053418373578
0.08493044531977487
0.08308600313628972
0.08330669009131335
0.08644143346270149
0.08256158965468509
0.08113182182107284
0.08713659306814749
0.08925501810039586
0.0835097004917994
0.0860373276325977
0.08421627064757078
0.08913224945432899
0.0864335849782321
0.08562103566281858
0.08683551703906774
0.09520066797674377
0.09128235342874177
0.08925467799836265
0.08273830699374067
0.08772563573164019
0.08949063993084129
0.09270389394877383
0.086768708256422
0.09146607027241321
0.08451444921031329
0.08463480405201254
0.08505717041540355
0.08537755925204718
0.08623467086931642
0.09154723024601219
0.09324949848940968
0.08542852308160633
0.09525337690155468
0.09113053697452135
0.09226823514512567
0.08708948130877668
0.0933523640736408
0.09294937173991495
0.08773912897600228
0.08624115581577761
0.08781275212667718
0.08627900267364232
0.08503758225074204
0.08447463382004074
0.09211665536666248
0.07919661732884332
0.09506190848597494
0.08715600502945263
0.08690415202403985
0.08574115567294144
0.08331448050058991
0.08886638813098784
0.08879762699121846
0.08712043759130564
0.08225966564712386
0.09853928638147091
0.08647098107538878
0.09064744860937482
0.08435426307853403
0.0936089512340286
0.09074478561503017
0.09477004336094359
0.08437531772618322
0.08702500565276343
0.08523558960655728
0.09165452109355708
0.08481082783867801
0.09262729491286494
0.08990582680628346
0.0897930974691749
0.08816697161202389
0.09284785350485696
0.090775063730132
0.08871970189203036
0.09189122941170774
0.08246118584725316
0.09198108179777055
0.08611217975442056
0.08966242006175966
0.08709305640667482
0.0844222693955679
0.09162251702073987
0.08476675402690134
0.09181927108593198
0.08327265249911234
0.0951932038192981
0.08719705380877028
0.08496041336792982
0.0867960072422918
0.0896553969411195
0.08851019356792096
0.08747650881244795
0.0902683510577406
0.08573822896138465
0.08291606887759256
0.08485663161000893
0.08296108727326647
0.09352831503993192
0.08670761327814931
0.09127374031210093
0.08869769612017427
0.08966178689236742
0.08585039848397785
0.08501551957462726
0.09316402489827454
0.08789853783525753
0.09373011637840022
0.08156813086815795
0.08918155443400398
0.08939801398041743
0.0822618960014073
0.08817388711358132
0.08387411594089422
0.08581242327857909
0.08359398344230869
0.09182583928028328
0.08951632254432411
0.08791699145027768
0.08356110435644494
0.09307885039468308
0.08708014030218082
0.09445496968910785
0.09171730065598667
0.08966444280074191
0.08913991125855131
0.0917226608115395
0.08130807347610258
0.09449054987327724
0.08628793164598228
0.09060018137612208
0.09077670568199483
0.0835748369073939
0.08476022536578616
0.08081663667083341
0.08407017864639944
0.08494403857948617
0.08656064920290556
0.0862824087696924
0.08760619055447652
0.09047733061655316
0.0899162483975392
0.08664349069545874
0.0886853764894092
0.09486188839948433
0.08511481767624225
0.08636025590837478
0.08673353395436072
0.08875227983482736
0.08505769085938943
0.09005815741128229
0.08983813941233458
0.09132323995278059
0.08575380643584182
0.08564848257387939
0.08696188334632948
0.08787111019695774
0.08212421866219827
0.08943122960114795
0.08718970077358523
0.09113508322710946
0.08375099311185774
0.08112419200162761
0.08754739989099683
0.09362287239331864
0.08551613936714254
0.08528376898878848
0.08656856581506442
0.08875085880014712
0.08479561314957984
0.08586544208731393
0.08592114071704461
0.08641335155068972
0.08534420477953453
0.08971338731998843
0.0830154614655665
0.09641577878889321
0.08444413762783094
0.08733140639406416
0.08117631878058768
0.0900328988699137
0.09250315761579454
0.0925971615654114
0.08984586708589783
0.08927101819657231
0.08626276583694598
0.08647040234250147
0.0937155301477486
0.08939261815230208
0.0942617870758876
0.08432391690741108
0.08354165658631774
0.09116824357958633
0.08718829012820165
0.0831295431413891
0.08051969402561125
0.08594586214250344
0.08548277356296985
0.08633643557806096
0.08971131537146677
0.09265940050634154
0.08363091168658673
0.08858346492076796
0.0924887717286297
0.08874284421557975
0.08320859473546927
0.09397865647230429
0.09048863413729892
0.08973964361271491
0.1011909757068138
0.08216958495817407
0.09141206360975129
0.09746036127311089
0.08604475992542074
0.08871138918215835
0.09247170054239062
0.09512193537703204
0.09159022560594839
0.08877220448264606
0.09088559330669575
0.0944941484657065
0.08080539686503016
0.08824862793700704
0.08702957676607755
0.08657851565011918
0.0866494220957138
0.08932494215453714
0.10102229934112303
0.09215141734044396
0.08212010401849268
0.08746689563497997
0.08293744654004227
0.0865688598696266
0.08314227503485605
0.08456953979777007
0.08965569053448354
0.08872253446339136
0.08334778332733109
0.08968629227793956
0.089028939691093
0.0851622621335291
0.08252900661359307
0.09141715767471921
0.08247888239316797
0.09039397477376622
0.08648148603578265
0.08606280796733773
0.0830282886113275
0.09394596110452223
0.0806102318382091
0.08555382612885051
0.08708689723462056
0.08696081119100481
0.08184827890882172
0.08949463516325794
0.0852963351145619
0.09345816203206221
0.09298900491578803
0.08683691842451319
0.08501105032341043
0.08218351663538562
0.08719693948870189
0.08454808148813786
0.08756470462399954
0.08670917911363625
0.08759774374305468
0.08827435799501601
0.08773091499645115
0.09070991430841077
0.08828338697872634
0.08767698984721285
0.08591582386718555
0.08717457464477397
0.09069120751072098
0.08505212333273551
0.08379407944216231
0.08481539846580778
0.0939031801217009
0.0875000802458929
0.0843407018456132
0.09083189460917594
0.0941376863528652
0.09715443661289509
0.09263683840005192
0.08755125392991663
0.08656074937631565
0.0856790241981364
0.08534379768615465
0.08274869152841419
0.09058330068920553
0.08834519611354662
0.08883932670161176
0.0941685397883934
0.07812545335977397
0.08536057022820594
0.09447593683592295
0.08415467353940824
0.08039723193557985
0.08514278820131621
0.08751546253715957
0.10032970535533758
0.08909319465092974
0.08501105720157566
0.08728419867399666
0.0882059106065183
0.08772919236177563
0.08883898797992089
0.08676426076082894
0.08720286649169848
0.08835472851667592
0.08818571885775292
0.08729144430060595
0.09018811006045183
0.08638108597197881
0.09033547385671481
0.09203020840038219
0.09275458178911962
0.08273725699024377
0.0799525546385071
0.08952727276407096
0.08239285566275689
0.0863850835500947
0.09281907521898335
0.0849264043001002
0.09440908773794289
0.08679028286753261
0.09165116785224225
0.08545772730847764
0.08840143777736077
0.08544399697458312
0.08026818088184436
0.08780593258066186
0.08742339382326496
0.08856293565061372
0.08712325559270177
0.08754091490055267
0.08681743461151706
0.08487016459806189
0.09148995356412351
0.08213449356843625
0.08598846362212362
0.08371679036966981
0.0866112455275718
0.07876191769074319
0.08213162254200534
0.09750150249056877
0.0914671968906148
0.08689841597653422
0.08664120252774794
0.08776519972068378
0.08742202589282216
0.08972916779635219
0.089883325961579
0.08965688291433857
0.09148639603193157
0.08942112217093391
0.08710133367675936
0.08256117299457719
0.08927110916248919
0.08805932517184349
0.08482284416712414
0.08502530850517144
0.08463059641700824
0.08767428880575993
0.08511947198513935
0.0849896211061513
0.08781166390402628
0.0891035876582889
0.08856995845381332
0.08460409272829772
0.07905150181778553
0.09314008344614
0.08558893636168258
0.08440842534106215
0.08881073681084503
0.08400564152755385
0.08305713098594507
0.08391856610789597
0.0889195805745014
0.08495451544074686
0.0837303867834019
0.09411644330932707
0.08496596986631152
0.08221941561344562
0.08692314969807263
0.09193557345079456
0.0941223125330229
0.08613623161039483
0.09186264352489701
0.08928672024644128
0.08626043415274319
0.091709939503387
0.08498222380634304
0.09195641375383547
0.08633331084252918
0.08241079733175868
0.0918187078863172
0.08419755582096693
0.09644739871164133
0.09173546025848975
0.08947337780197495
0.08935142242853791
0.0876864099793368
0.08814159066362456
0.08789406907614043
0.08633632949668862
0.09202714475066766
0.09715950085276641
0.09005961026383213
0.08933221109351007
0.08417042771547047
0.08119953061439251
0.08755459113507776
0.08415120249671726
0.08151820183335141
0.09195244012454601
0.08495197639374974
0.08446789673540357
0.09367289452537415
0.08117593204607848
0.09322977226315761
0.09157463615089492
0.08637821769692057
0.08860594516203049
0.08413480241226683
0.09443658453577396
0.08483888590780014
0.08957546398939652
0.08877041693109727
0.0843499691668962
0.08762945680728453
0.08603973969530307
0.0899851245600033
0.08553352534850175
0.0915047112528414
0.08803143316702625
0.09266025526629518
0.08693765788070378
0.08238013537353979
0.08485955382070327
0.08397043067930117
0.09878796145576647
0.08597314248876728
0.09377835382986684
0.08898427513857948
0.09143348426617179
0.08957160779824287
0.08515578887947393
0.08977004335259768
0.08962473746331227
0.09066646418146809
0.08507884732634526
0.08456977905259178
0.0871237926203474
0.08494892800920793
0.08496677053712252
0.08568259879950572
0.08522482211515503
0.08995547670903557
0.09367155194144683
0.08293896785373203
0.08620537911873069
0.09198947148783587
0.08706223506668431
0.08863952189347339
0.08897844836813061
0.08552936209548487
0.08743244044786569
0.08878511072864594
0.08830782798016439
0.0814287214503798
0.08566577748677445
0.08905594179629214
0.0852803565207533
0.09288581261473144
0.08531658252696907
0.08570237496584131
0.08456130921999412
0.09111061960206539
0.09356107058167298
0.08569946055421054
0.08344382262388447
0.08617849521634885
0.08838992473818218
0.0793931012985481
0.09304448415771402
0.08924301291266153
0.0861311613703837
0.09285974011612082
0.08464602849937303
0.08563620363590256
0.0881922928380561
0.08786212544160464
0.08390591857965954
0.08431769184899683
0.08889126854891144
0.08627590686710171
0.0837695434072814
0.08330595453261021
0.08354906010921491
0.08669582953329226
0.08926896647538718
0.08896956485535623
0.08559750603858832
0.09049174638003195
0.08344357144110486
0.09318322524106885
0.08497033028323386
0.0859309279534173
0.083756034426394
0.08913703768596969
0.09000103489063609
0.08730935250999389
0.09065789349953057
0.0810961727812303
0.08504212628678504
0.08831475513609864
0.08821897112014368
0.0870851948442015
0.08661777177834837
0.08692478380346544
0.08581860629797544
0.08615385358016625
0.09453182215099822
0.08783994631854235
0.09384474197575951
0.08847314460891059
0.08961846822119104
0.09078254630210532
0.08875857504857217
0.0892694959982947
0.08255919725259385
0.08306703784247278
0.0946719676227249
0.08159637731362392
0.08426048493013712
0.08989261264429134
0.09034908166988508
0.09210662312104789
0.08781602928950141
0.08835328457254377
0.08938869368379622
0.08949604493934964
0.08555444168680999
0.08891884893026411
0.08749930540765666
0.08101732116123002
0.08690623279357805
0.09088322028215781
0.08745205874969225
0.09347181900976936
0.0857589750710398
0.0874001796486062
0.08963271917442295
0.08584648442997089
0.08716293546424383
0.0933067231179877
0.08608546857432746
0.08468209468318744
0.08579410841463896
0.09147505625208296
0.09381652185459233
0.08439481091405283
0.07921475871552583
0.08735622335483177
0.08893837253096198
0.08432145768088851
0.08306380000030052
0.09470691766779973
0.09221540331236446
0.09903782968809444
0.08574944277269521
0.08938781269174546
0.08938961495026101
0.0870301423372391
0.08348433197662422
0.08658566563129907
0.08078824900591026
0.09015956250009007
0.09264764064642846
0.08951383001874565
0.08745629104349607
0.08781692672579967
0.08789039852204007
0.08345454791279253
0.09003371718343049
0.08261117210367513
0.09079216928789828
0.09035194240514462
0.09349044216201251
0.0925094216874325
0.08730584144781858
0.08791496741048235
0.08611160878775855
0.08834110222138097
0.08211840350270665
0.07851186111803769
0.09102848022226004
0.09724586067695695
0.08955693764637357
0.08427056425920343
0.08106031280534134
0.08492889500136913
0.09076769931644496
0.0857428271337482
0.08700582841483775
0.08593256688502861
0.08623594177090269
0.08880066102634945
0.08933228513776997
0.08829592925230573
0.08571521586115244
0.08885606578533749
0.08442577614071294
